175.92169190	-38.81910706	1.63456108	5.00000000
174.07952880	-41.82201767	1.92996161	10.31180573
176.32223510	-40.20176315	1.16193414	42.18060303
176.62908940	-38.23850632	1.18008626	4.68827581
179.32185360	-34.55872345	3.44076072	282.95574950
175.69949340	-40.89941406	1.44477386	17.88713837
175.70994570	-39.47951508	1.57036888	13.48383141
178.38267520	-38.86088562	2.16291430	21.13870049
175.66439820	-40.82047653	1.87719866	16.92340469
177.17088320	-39.75533676	1.89328569	17.80860710
178.38900000	-18.17800000	4.83037874	599.00000000
177.57257080	-38.81539536	2.23555044	21.61532974
177.57463070	-38.82120132	2.10565970	20.82990074
177.49769590	-39.29165649	2.20387166	18.02665520
177.44688420	-39.27623749	2.22568975	15.74061489
177.50036620	-39.29766083	2.39540705	16.02884483
178.14976500	-38.17395782	1.12357584	21.60728264
176.25556950	-37.84571457	2.24675283	139.70048520
175.71298220	-41.19430161	1.42176634	20.31419754
175.71536250	-41.19866562	1.36617251	18.71739578
175.43974300	-39.84775162	1.82072194	13.23447800
177.48522950	-39.27995300	2.16807211	18.98908615
176.39953610	-40.27373886	1.66057891	22.18820953
177.48666380	-39.27242661	2.04335150	17.56308365
170.38639830	-43.54275513	1.75446729	5.00000000
177.00733950	-39.77014542	2.16234189	13.47604465
174.30471800	-41.59794998	1.99948213	12.00000000
166.07731630	-46.49563217	3.15242815	12.00000000
165.92576600	-46.49176788	4.45362270	12.00000000
175.98678590	-38.05130005	2.18707154	144.50700380
166.17486570	-46.51327133	3.43774036	12.00000000
174.15525820	-39.64992905	2.46318074	190.28703310
175.42864990	-39.21916962	0.56182966	8.46933746
172.91358950	-41.39410400	2.72142994	91.86531067
175.02658080	-38.93740082	2.45810775	187.12646480
166.18782040	-46.53154373	4.38285084	5.00000000
171.70281980	-41.89642334	2.57496121	5.00000000
179.09252930	-36.33356094	2.94401134	5.00000000
178.57977290	-37.90699005	1.96189591	33.00320435
178.96224980	-31.82774925	5.31632960	100.00000000
176.15483090	-38.31198502	1.89330443	78.86938477
172.12026980	-43.43308640	2.54164818	5.00000000
176.20573430	-39.38753891	0.91806641	52.71841049
177.92160030	-38.02388000	1.61087980	49.01357651
177.63554380	-39.24536514	2.43991192	23.04550743
174.98880000	-41.37811661	1.37620943	16.94084167
177.48806760	-39.28811646	2.39378959	20.36311150
179.50595090	-36.91013718	2.85208163	5.00000000
176.17280580	-40.74291611	1.40620128	20.04331779
177.47010800	-39.28990555	2.60821057	18.76585960

